#chr	start	end	gene_ID
1	169849631	169894267	ENSG00000000457
1	169662007	169854080	ENSG00000000460
1	27612064	27635185	ENSG00000000938
1	196652043	196747504	ENSG00000000971
6	143494812	143511720	ENSG00000001036
6	53497341	53616970	ENSG00000001084
6	41072945	41099976	ENSG00000001167
1	24356999	24416934	ENSG00000001460
1	24415802	24472976	ENSG00000001461
6	46129989	46146688	ENSG00000001561
1	33007940	33080996	ENSG00000004455
1	23019443	23083689	ENSG00000004487
6	82169986	82247754	ENSG00000005700
1	54779712	54801323	ENSG00000006555
1	112523514	112620825	ENSG00000007341
6	35473597	35497079	ENSG00000007866
1	6634168	6701924	ENSG00000007923
1	171090901	171117819	ENSG00000007933
6	16129086	16148248	ENSG00000007944
6	170535120	170553307	ENSG00000008018
6	15246069	15522042	ENSG00000008083
1	209583714	209613939	ENSG00000008118
1	1702379	1724357	ENSG00000008128
1	1751232	1780457	ENSG00000008130
1	114716913	114758676	ENSG00000009307
6	111299028	111483715	ENSG00000009413
1	18630846	18748866	ENSG00000009709
1	11026523	11047239	ENSG00000009724
1	27725961	27763116	ENSG00000009780
1	209756032	209782320	ENSG00000009790
6	142147162	142224685	ENSG00000009844
6	13621498	13711835	ENSG00000010017
6	36354091	36387800	ENSG00000010030
1	231337104	231355023	ENSG00000010072
1	171781660	171814023	ENSG00000010165
6	26087281	26098343	ENSG00000010704
1	41027200	41242154	ENSG00000010803
6	111660332	111873452	ENSG00000010810
6	142751469	142956698	ENSG00000010818
1	23743155	23762059	ENSG00000011007
1	23791145	23795539	ENSG00000011009
1	11806096	11848079	ENSG00000011021
6	53267398	53349179	ENSG00000012660
6	83161150	83193936	ENSG00000013375
6	83193357	83198935	ENSG00000013392
6	96521595	96555276	ENSG00000014123
1	149928651	149936879	ENSG00000014914
6	136999971	137045180	ENSG00000016402
1	86547078	86580754	ENSG00000016602
1	160115759	160143591	ENSG00000018625
